1.000000
0.970031
0.881921
0.740951
0.555570
0.336890
0.098017
-0.146730
-0.382683
-0.595699
-0.773010
-0.903989
-0.980785
-0.998795
-0.956940
-0.857729
-0.707107
-0.514103
-0.290285
-0.049068
0.195090
0.427555
0.634393
0.803208
0.923880
0.989177
0.995185
0.941544
0.831470
0.671559
0.471397
0.242980
0.000000
-0.242980
-0.471397
-0.671559
-0.831470
-0.941544
-0.995185
-0.989177
-0.923880
-0.803208
-0.634393
-0.427555
-0.195090
0.049068
0.290285
0.514103
0.707107
0.857729
0.956940
0.998795
0.980785
0.903989
0.773010
0.595699
0.382683
0.146730
-0.098017
-0.336890
-0.555570
-0.740951
-0.881921
-0.970031
-1.000000
-0.970031
-0.881921
-0.740951
-0.555570
-0.336890
-0.098017
0.146730
0.382683
0.595699
0.773010
0.903989
0.980785
0.998795
0.956940
0.857729
0.707107
0.514103
0.290285
0.049068
-0.195090
-0.427555
-0.634393
-0.803208
-0.923880
-0.989177
-0.995185
-0.941544
-0.831470
-0.671559
-0.471397
-0.242980
-0.000000
0.242980
0.471397
0.671559
0.831470
0.941544
0.995185
0.989177
0.923880
0.803208
0.634393
0.427555
0.195090
-0.049068
-0.290285
-0.514103
-0.707107
-0.857729
-0.956940
-0.998795
-0.980785
-0.903989
-0.773010
-0.595699
-0.382683
-0.146730
0.098017
0.336890
0.555570
0.740951
0.881921
0.970031
1.000000
