1.000000
0.881921
0.555570
0.098017
-0.382683
-0.773010
-0.980785
-0.956940
-0.707107
-0.290285
0.195090
0.634393
0.923880
0.995185
0.831470
0.471397
0.000000
-0.471397
-0.831470
-0.995185
-0.923880
-0.634393
-0.195090
0.290285
0.707107
0.956940
0.980785
0.773010
0.382683
-0.098017
-0.555570
-0.881921
-1.000000
-0.881921
-0.555570
-0.098017
0.382683
0.773010
0.980785
0.956940
0.707107
0.290285
-0.195090
-0.634393
-0.923880
-0.995185
-0.831470
-0.471397
-0.000000
0.471397
0.831470
0.995185
0.923880
0.634393
0.195090
-0.290285
-0.707107
-0.956940
-0.980785
-0.773010
-0.382683
0.098017
0.555570
0.881921
1.000000
0.881921
0.555570
0.098017
-0.382683
-0.773010
-0.980785
-0.956940
-0.707107
-0.290285
0.195090
0.634393
0.923880
0.995185
0.831470
0.471397
-0.000000
-0.471397
-0.831470
-0.995185
-0.923880
-0.634393
-0.195090
0.290285
0.707107
0.956940
0.980785
0.773010
0.382683
-0.098017
-0.555570
-0.881921
-1.000000
-0.881921
-0.555570
-0.098017
0.382683
0.773010
0.980785
0.956940
0.707107
0.290285
-0.195090
-0.634393
-0.923880
-0.995185
-0.831470
-0.471397
-0.000000
0.471397
0.831470
0.995185
0.923880
0.634393
0.195090
-0.290285
-0.707107
-0.956940
-0.980785
-0.773010
-0.382683
0.098017
0.555570
0.881921
1.000000
