0.000000
0.000000
1.000000
0.078124
1.853478
0.228591
2.299085
0.435211
2.170931
0.674602
1.441913
0.920746
0.234134
1.149854
-1.206265
1.344481
-2.564107
1.495994
-3.527219
1.604937
-3.858580
1.679271
-3.451643
1.731032
-2.355768
1.772260
-0.765729
1.811265
1.022326
1.850129
2.678190
1.884094
3.912479
1.902966
4.541600
1.894216
4.527681
1.846971
3.984272
1.755909
3.146676
1.624054
2.314113
1.463730
1.777535
1.295327
1.750247
1.144085
2.317787
1.035557
3.418899
0.990739
4.862050
1.021941
6.373490
1.130331
7.665350
1.305695
8.507517
1.528486
8.786101
1.773682
8.534456
2.015591
7.929206
2.232540
7.252011
2.410426
6.825895
2.544371
6.941040
2.638201
7.787471
2.701968
9.410458
2.748204
11.699193
2.787857
14.411459
2.826950
17.228595
2.864781
19.827907
2.894144
21.955644
2.903473
23.483503
2.880400
24.435545
2.815844
24.979402
2.707577
25.384050
2.562354
25.954305
2.395991
26.957641
2.231295
28.560725
2.094220
30.790680
2.009065
33.530210
1.993771
36.547684
2.056366
39.554927
2.193360
42.278927
2.390449
44.530325
2.625355
46.252281
2.872191
47.537961
3.106353
48.612294
3.308866
49.782094
3.469240
51.366160
3.586258
53.621730
3.666624
56.684574
3.721876
60.536844
3.764381
