0 1.000000 1.000000 1 1.000000
1 0.970031 0.881921 0.855491 1.851952
2 0.881921 0.555570 0.489969 2.292982
3 0.740951 0.098017 0.0726258 2.155673
4 0.555570 -0.382683 -0.212607 1.411396
5 0.336890 -0.773010 -0.260419 0.180728
6 0.098017 -0.980785 -0.0961336 -1.291714
7 -0.146730 -0.956940 0.140412 -2.692280
8 -0.382683 -0.707107 0.270598 -3.710324
9 -0.595699 -0.290285 0.172922 -4.110350
10 -0.773010 0.195090 -0.150807 -3.787336
11 -0.903989 0.634393 -0.573484 -2.792169
12 -0.980785 0.923880 -0.906128 -1.321148
13 -0.998795 0.995185 -0.993986 0.328052
14 -0.956940 0.831470 -0.795667 1.823698
15 -0.857729 0.471397 -0.404331 2.874882
16 -0.707107 0.000000 0 3.296483
17 -0.514103 -0.471397 0.242347 3.049104
18 -0.290285 -0.831470 0.241363 2.244770
19 -0.049068 -0.995185 0.0488317 1.117257
20 0.195090 -0.923880 -0.18024 -0.035741
21 0.427555 -0.634393 -0.271238 -0.924796
22 0.634393 -0.195090 -0.123764 -1.338132
23 0.803208 0.290285 0.233159 -1.191734
24 0.923880 0.707107 0.653282 -0.548386
25 0.989177 0.956940 0.946583 0.398855
26 0.995185 0.980785 0.976063 1.374712
27 0.941544 0.773010 0.727823 2.089789
28 0.831470 0.382683 0.318189 2.312449
29 0.671559 -0.098017 -0.0658242 1.927276
30 0.471397 -0.555570 -0.261894 0.966097
31 0.242980 -0.881921 -0.214289 -0.395988
32 0.000000 -1.000000 0 -1.878847
33 -0.242980 -0.881921 0.214289 -3.160982
34 -0.471397 -0.555570 0.261894 -3.953735
35 -0.671559 -0.098017 0.0658242 -4.068607
36 -0.831470 0.382683 -0.318189 -3.461856
37 -0.941544 0.773010 -0.727823 -2.245814
38 -0.995185 0.980785 -0.976063 -0.664223
39 -0.989177 0.956940 -0.946583 0.962726
40 -0.923880 0.707107 -0.653282 2.310818
41 -0.803208 0.290285 -0.233159 3.124774
42 -0.634393 -0.195090 0.123764 3.274764
43 -0.427555 -0.634393 0.271238 2.783324
44 -0.195090 -0.923880 0.18024 1.816561
45 0.049068 -0.995185 -0.0488317 0.641925
46 0.290285 -0.831470 -0.241363 -0.437296
47 0.514103 -0.471397 -0.242347 -1.155151
48 0.707107 -0.000000 0 -1.346501
49 0.857729 0.471397 0.404331 -0.985748
50 0.956940 0.831470 0.795667 -0.191712
51 0.998795 0.995185 0.993986 0.802446
52 0.980785 0.923880 0.906128 1.707028
53 0.903989 0.634393 0.573484 2.247495
54 0.773010 0.195090 0.150807 2.232963
55 0.595699 -0.290285 -0.172922 1.605065
56 0.382683 -0.707107 -0.270598 0.455442
57 0.146730 -0.956940 -0.140412 -0.992502
58 -0.098017 -0.980785 0.0961336 -2.433481
59 -0.336890 -0.773010 0.260419 -3.550221
60 -0.555570 -0.382683 0.212607 -4.087010
61 -0.740951 0.098017 -0.0726258 -3.909602
62 -0.881921 0.555570 -0.489969 -3.037374
63 -0.970031 0.881921 -0.855491 -1.640093
64 -1.000000 1.000000 -1 0.000000
65 -0.970031 0.881921 -0.855491 1.551983
66 -0.881921 0.555570 -0.489969 2.711023
67 -0.740951 0.098017 -0.0726258 3.266668
68 -0.555570 -0.382683 0.212607 3.148757
69 -0.336890 -0.773010 0.260419 2.440321
70 -0.098017 -0.980785 0.0961336 1.354679
71 0.146730 -0.956940 -0.140412 0.182292
72 0.382683 -0.707107 -0.270598 -0.779866
73 0.595699 -0.290285 -0.172922 -1.299651
74 0.773010 0.195090 0.150807 -1.264863
75 0.903989 0.634393 0.573484 -0.709113
76 0.980785 0.923880 0.906128 0.197637
77 0.998795 0.995185 0.993986 1.191534
78 0.956940 0.831470 0.795667 1.980122
79 0.857729 0.471397 0.404331 2.314874
80 0.707107 -0.000000 0 2.053608
81 0.514103 -0.471397 -0.242347 1.197857
82 0.290285 -0.831470 -0.241363 -0.103889
83 0.049068 -0.995185 -0.0488317 -1.588042
84 -0.195090 -0.923880 0.18024 -2.935531
85 -0.427555 -0.634393 0.271238 -3.845272
86 -0.634393 -0.195090 0.123764 -4.104247
87 -0.803208 0.290285 -0.233159 -3.637697
88 -0.923880 0.707107 -0.653282 -2.527591
89 -0.989177 0.956940 -0.946583 -0.994963
90 -0.995185 0.980785 -0.976063 0.649823
91 -0.941544 0.773010 -0.727823 2.077280
92 -0.831470 0.382683 -0.318189 3.013069
93 -0.671559 -0.098017 0.0658242 3.299031
94 -0.471397 -0.555570 0.261894 2.926768
95 -0.242980 -0.881921 0.214289 2.036081
96 -0.000000 -1.000000 0 0.878847
97 0.242980 -0.881921 -0.214289 -0.242953
98 0.471397 -0.555570 -0.261894 -1.050270
99 0.671559 -0.098017 -0.0658242 -1.353734
100 0.831470 0.382683 0.318189 -1.098296
101 0.941544 0.773010 0.727823 -0.375235
102 0.995185 0.980785 0.976063 0.601258
103 0.989177 0.956940 0.946583 1.547262
104 0.923880 0.707107 0.653282 2.179373
105 0.803208 0.290285 0.233159 2.285227
106 0.634393 -0.195090 -0.123764 1.777435
107 0.427555 -0.634393 -0.271238 0.717958
108 0.195090 -0.923880 -0.18024 -0.693049
109 -0.049068 -0.995185 0.0488317 -2.161510
110 -0.290285 -0.831470 0.241363 -3.366525
111 -0.514103 -0.471397 0.242347 -4.034604
112 -0.707107 -0.000000 0 -4.003590
113 -0.857729 0.471397 -0.404331 -3.261214
114 -0.956940 0.831470 -0.795667 -1.949168
115 -0.998795 0.995185 -0.993986 -0.331662
116 -0.980785 0.923880 -0.906128 1.264243
117 -0.903989 0.634393 -0.573484 2.522573
118 -0.773010 0.195090 -0.150807 3.209416
119 -0.595699 -0.290285 0.172922 3.224366
120 -0.382683 -0.707107 0.270598 2.620534
121 -0.146730 -0.956940 0.140412 1.588610
122 0.098017 -0.980785 -0.0961336 0.408946
123 0.336890 -0.773010 -0.260419 -0.616848
124 0.555570 -0.382683 -0.212607 -1.238509
125 0.740951 0.098017 0.0726258 -1.316705
126 0.881921 0.555570 0.489969 -0.855491
127 0.970031 0.881921 0.855491 -0.000000
